LL,PL,FC
54,27,38
52,23,47
32,27,20
24,20,46
51,22,40
53,24,36
46,29,44
53,28,18
58,24,56
40,21,28
38,28,42
60,24,28
51,13,30
39,23,37
58,21,53
55,12,11
38,17,17
48,20,14
56,18,38
31,16,13
49,24,48
41,24,36
46,22,14
37,18,60
25,23,2
30,18,31
45,25,57
48,26,23
23,15,49
50,30,26
50,26,31
32,23,8
43,15,22
54,19,25
46,30,19
53,16,45
38,16,58
52,28,55
55,10,25
40,27,52
54,30,53
36,22,16
40,21,42
31,18,30
49,12,58
40,14,1
43,16,39
59,24,3
33,13,2
41,21,54
28,25,20
44,14,12
32,18,24
29,25,7
36,11,29
56,10,8
44,27,55
29,13,35
56,13,40
48,26,55
24,15,17
30,22,15
54,23,59
49,26,57
40,25,1
57,29,27
51,19,9
28,13,16
43,27,43
42,20,6
25,14,58
20,12,4
40,20,17
51,11,51
31,18,33
52,10,45
59,16,17
59,11,20
29,25,46
53,21,45
55,23,46
40,19,11
59,10,26
29,21,7
45,27,31
58,25,50
49,25,29
42,30,13
37,16,6
58,13,19
28,11,34
54,26,47
60,10,2
37,16,7
44,12,59
43,28,15
54,27,30
26,14,53
28,28,16
51,15,15
